ra dec u g r i z
9.8007758224382 1.08352613370615 25.89868 21.32622 19.89096 18.71572 18.08944
9.73899104649786 1.21275695013871 20.64908 19.2554 18.72609 18.52743 18.38149
9.95596167220288 0.888326528040489 19.51029 18.32803 18.55213 18.72324 18.84049
9.97859496049983 0.633973133546893 20.49254 19.75988 19.03692 18.72538 18.29766
10.0178113422762 0.663568614452339 23.0659 21.9443 20.22846 19.17279 18.64733
10.1477509776522 0.765620871193193 23.50522 20.67564 19.15975 17.96652 17.35478
9.75847500439929 0.772617143045041 23.23702 21.34274 19.54401 18.69354 18.33143
9.78623148579285 0.806070109340406 20.00736 19.02778 18.42884 18.06935 17.80781
9.9213791537195 0.570426065428179 22.27077 21.99019 20.10468 18.80902 18.2058
10.0110057705451 0.561437602326564 21.6896 19.18255 17.80742 16.58349 15.93688
9.991860465705 1.05003603588668 21.85252 21.75178 21.67961 21.65742 21.2049
10.0464293479502 0.821096855345499 21.28196 19.16071 18.16205 17.72066 17.51562
9.95974339671318 0.59555346287046 19.47556 17.91755 16.97171 16.5241 16.17701
9.5365059225669 0.731601467133685 19.01598 16.96882 16.1776 15.87763 15.71674
9.79647560803997 0.709137488709732 18.94486 17.04675 16.26905 15.99711 15.83206
9.67946480144701 0.581059937565329 17.74691 16.45189 15.86557 15.52596 15.26944
9.84352318065629 0.99769988875686 19.76781 19.7275 19.65116 19.46731 19.0622
9.48516597211733 1.06970371044418 19.19686 17.4415 16.72897 16.46968 16.34503
9.63290114867016 0.560376748525775 19.8955 18.9427 18.74615 18.65457 18.64286
9.68598005502946 1.10830264210328 22.05737 19.56328 18.21567 16.8968 16.18664
10.1282336617418 0.757353383131636 21.00502 19.5338 18.94184 18.72926 18.61466
9.66433138768957 0.882482183330267 20.97012 18.47847 17.34333 16.90822 16.63679
9.62737739681666 0.957483594324446 22.89815 20.28259 18.85656 18.06368 17.59595
9.55775016331575 1.05512263019159 18.52222 17.51619 17.21402 16.9341 16.85262
9.92156204636626 0.677138156103694 25.04429 22.86457 21.66338 20.92059 20.69554
9.83694269271868 0.803169015239163 22.5305 20.84776 19.31437 18.13305 17.4552
9.89996260755788 0.856848654763895 21.48672 21.74062 21.07985 21.09097 21.58005
9.59702945435527 0.751194982395159 23.78377 22.97526 21.09328 19.99363 19.58603
9.80612471091564 0.858870594088708 19.55863 18.19353 24.80204 24.36181 22.82691
10.0755096742129 1.08047660153611 20.12296 19.14676 18.63875 18.41389 18.27117
9.77266646571246 0.563589646342334 17.54734 15.89622 15.36369 15.044 14.93722
9.84050786596271 0.895097823796724 18.61335 17.6902 17.40577 17.2937 17.26428
9.76617380853253 0.804954834381802 19.78877 18.42794 17.66223 17.24841 16.98554
10.0830901507085 0.903950153250581 21.51701 19.44421 18.54593 18.17854 17.89435
9.82501334335871 0.699809598946906 21.00657 18.90548 17.39966 16.85061 16.5412
9.95289117673804 0.941581117373194 20.83382 19.91058 19.63851 19.47409 19.45512
9.97235585188696 1.2028643126406 22.61432 21.86893 20.01037 19.31947 18.96684
9.67971869581982 1.14379730272112 22.55015 21.80981 20.3363 19.41231 18.9105
10.0986996689477 0.731368184388115 18.99632 17.65107 17.18022 16.99482 16.95726
9.7738589803736 0.835512051731383 18.65278 17.42339 17.5706 17.68057 17.71817
10.0144676975631 0.583862811030733 19.88596 18.9155 18.80182 18.78845 18.70553
9.53331140546982 1.0998130364232 21.11129 18.79378 17.76528 17.41375 17.21468
9.54945949447909 1.09214426765827 19.50336 18.33405 18.4755 18.58969 18.63128
9.65026405242421 0.704755168223871 20.16247 19.40319 18.70805 18.51018 18.18514
9.85524704145828 0.629673578600424 21.94685 19.40245 17.96056 16.75704 16.12062
9.76608254488099 1.0352063466417 19.98035 18.60461 17.76757 17.33211 17.0184
10.1303393474616 1.15237735347561 22.95679 21.16004 19.40783 18.79355 18.45802
9.74611247782855 0.591449240076062 23.05861 20.37215 18.90334 17.70885 17.04556
9.84452982403204 0.796954208522804 22.99962 21.31053 19.60582 18.92503 18.31874
10.0482296030646 0.91653085919855 20.30659 19.3222 18.87429 18.56085 18.41642
10.121473784975 0.843481837741949 20.63256 18.15724 17.02687 16.59263 16.38729
9.61342061291958 0.564333193475848 19.71253 18.88805 18.52822 18.22688 18.1998
9.74672175496517 0.914152312629776 20.21675 19.92744 19.7816 19.43939 19.10513
9.71462153123446 1.04537480517709 17.70234 16.31163 15.79556 15.60537 15.51354
9.63379865769377 1.04451580680314 20.86531 19.80509 18.69008 18.2011 17.97187
9.92563761910836 0.732585809030784 22.82677 20.91505 19.55927 18.72484 18.26741
9.55680873345042 0.736377813171054 23.63217 21.22992 19.74719 18.2071 17.37987
9.8380314597091 0.936434281026529 19.56649 18.1084 17.57212 17.38182 17.28327
10.1199706749977 0.745189092070464 23.60759 21.06661 19.90562 19.43878 19.07636
10.0201915523233 0.643657816776156 22.55428 20.28648 19.14176 18.627 18.30828
9.97504512540809 0.663335069740404 21.40486 18.70892 17.34776 16.70333 16.29129
9.69237561264436 0.574391477862816 23.83986 23.06989 21.55546 20.17766 19.42584
9.93099932806442 0.638142995159008 23.24056 22.10374 20.49428 19.47688 18.93851
9.77977042161314 1.06834740072699 19.75862 18.60175 18.1525 17.97154 17.89516
10.0315295666012 0.607030515542251 19.4663 17.08195 15.94885 15.51224 15.2728
9.68049011243363 0.760478067390435 22.82344 22.23154 20.466 19.50524 19.09525
9.66778966939245 0.801439090160085 24.14614 22.87284 20.90742 19.9132 19.44716
9.55142612070091 0.634600089505918 19.888 17.40265 15.95585 14.9875 14.4649
9.74388710046372 0.836223397935647 22.2088 19.82515 18.55971 17.98598 17.67168
10.0197603379568 0.894714191841826 25.00338 23.04167 21.86712 19.45915 18.12261
9.51193996276584 1.08573852581525 22.61818 21.87137 20.01834 19.11537 18.73109
9.99513368075833 0.741497915058279 18.27627 16.86883 16.38021 16.21519 16.13753
9.51477519449833 0.959043218711142 21.75166 21.07708 20.05148 19.41619 19.09768
9.81350978402827 0.952918008915346 23.72616 22.9029 21.20216 20.15097 19.98314
9.83132721824518 1.18045327623251 18.87262 17.62146 17.0763 16.76442 16.58104
9.88207916439876 1.10313034828571 21.07529 20.85412 20.78539 20.79502 20.65777
10.041707287305 0.842949591757159 19.4146 18.17041 17.69609 17.53417 17.38383
9.78676663574794 0.884631482626627 19.61487 18.68282 17.77123 17.39513 17.12636
9.49121307543717 0.740765419239418 21.95849 19.68428 18.26655 17.53923 17.08546
9.94656044986459 1.12940034175809 20.55513 19.89249 19.29891 19.01482 18.78857
9.63168924642702 1.11158332618688 20.66355 18.75321 17.85523 17.56178 17.32681
9.77226351325538 1.0877204992715 19.35546 18.20306 17.79856 17.64411 17.62549
10.1149277884214 1.12530691309093 23.219 20.25903 18.67163 18.08932 17.70349
9.65711148524557 0.765812058836728 18.8743 17.90819 17.60032 17.38355 17.23871
10.1205129595463 0.999435279944844 18.67402 16.0963 14.74029 16.99276 13.77977
9.54348863055395 0.858067202248564 27.11078 21.74309 20.08629 19.00815 18.51953
9.7813055485795 1.10094256654173 22.8451 22.46027 20.96847 20.10648 19.43858
9.86847698889684 0.803655589269521 20.4633 17.88879 16.59726 16.06529 15.73111
9.68881501274348 0.766316726994583 22.79917 20.11472 18.81228 18.15142 17.75237
9.66842257718133 1.14070370242408 19.50822 18.31706 17.86803 17.65915 17.60398
9.61748621941689 1.06321510567897 23.81971 22.45126 20.46527 19.54352 19.30997
10.1454819744166 0.760069230402542 20.91692 18.48687 17.25893 16.70655 16.37777
10.1257292151483 1.12332873359981 18.47622 17.57939 17.34435 17.29018 17.2971
9.96159375626115 0.980531672783607 18.18274 16.61367 16.03242 15.80037 15.69916
9.92451662470739 0.915788753375248 17.54671 16.30991 15.8871 15.72333 15.69046
10.1249691302835 0.693123077288959 20.1935 18.95515 18.28939 17.92229 17.62431
9.58614559644008 1.01165111775153 24.41467 22.37858 20.73119 19.80721 19.33421
9.7589861331885 1.18763090869549 19.55156 18.56237 18.25376 18.13773 18.08184
10.1359655290198 0.688073369117328 22.80375 21.87697 20.53627 19.52388 19.36379
9.87363389750334 1.06387361686535 18.79488 17.03844 16.20568 15.76622 15.43502
10.0668958805179 0.79579309534326 22.35317 20.10815 18.55723 17.09076 16.34768
10.045545196111 0.59332277693004 17.81615 16.71043 16.35534 16.18494 16.13972
9.50912074337555 1.10661238805531 18.50445 16.68403 16.01658 15.77099 15.64585
9.83733447844122 0.847358173173322 21.908 21.32755 21.0241 21.14292 20.91099
10.0182701161199 0.629351265719083 21.30247 19.03094 17.99657 17.59759 17.36358
9.81444144953326 0.942584505301795 19.55135 17.88939 17.25144 16.94891 16.74257
9.8560749407452 0.626441728908376 19.30087 18.0869 17.64599 17.47603 17.39024
9.55833347742544 0.769527980129596 19.06023 18.08126 17.75851 17.62113 17.57184
9.99106096707712 0.63999569871758 19.93012 18.59757 17.82384 17.42576 17.12152
9.7132322403223 0.714462824512242 20.39708 18.42049 17.37918 16.85199 16.43899
10.1064617177376 1.01628524003599 23.76342 21.2125 19.67 18.59208 18.14345
9.7487314544714 1.2078134378516 25.95659 22.3213 20.59426 19.74182 19.25934
9.91808897930059 0.606083223727058 21.69676 20.62376 20.00312 19.68376 19.39096
9.50123296421486 0.903507389629213 21.48808 19.03271 17.72735 17.08859 16.72952
9.63926687494069 1.09103649061247 22.14503 22.00939 20.6767 19.86966 20.06349
9.49560913258733 1.08154301524748 20.27153 17.84915 16.52666 15.96111 15.67164
9.92809489164154 0.62780336532886 19.95278 18.11793 16.99055 16.50541 16.13225
10.0096989643654 1.07078158345433 19.8856 18.40456 17.76919 17.4749 17.32245
9.64905145221223 1.11038218801967 22.69941 20.29525 18.96567 17.77492 17.14605
9.83898674939923 0.851825752589663 24.41488 21.36769 19.93673 18.86536 18.23672
9.86026615591163 1.01483294895581 19.3028 18.40406 18.04467 17.90798 17.83472
9.87167972862414 0.89922556742653 20.58989 18.04599 16.76606 16.15074 15.81932
9.55933390902581 0.818559721445127 21.55342 21.18217 19.77797 19.04568 18.62022
9.69252664731198 0.674982354438988 19.07159 17.98735 17.50428 17.15885 16.96309
10.0933462128825 0.994355008232152 22.11977 20.24787 19.60349 19.14748 18.64237
9.55019434553742 1.01915085526752 18.69538 17.84913 17.58031 17.48473 17.43001
10.0321536976509 0.941562786095457 22.36942 20.00629 18.71885 18.10215 17.75219
9.61338450903932 0.722564996074297 20.72738 18.88364 18.14402 17.85577 17.6582
9.93190265002752 0.800665248955214 23.67612 21.137 19.38192 18.73518 18.32648
9.97101247295188 0.952564177713816 23.78177 20.60842 19.13099 17.86499 17.18781
9.91223961587599 1.00992528630871 22.90169 20.1293 18.74896 17.96283 17.56759
9.66620291883112 1.16445500838729 20.50776 19.80965 19.31534 19.09912 19.04542
9.80193003822868 0.714236033546574 22.49344 20.44047 18.78217 18.20526 17.76097
9.96914353714683 0.752651550442601 20.27339 17.78228 16.68724 16.18167 15.90375
9.99670313581908 0.887246684319696 19.44441 18.50298 18.24457 18.14739 18.11217
9.99496231375974 0.874370044888698 22.0172 20.19536 19.17304 18.70573 18.39641
10.0245400402421 1.17472786889546 22.01698 21.19502 20.22658 19.02645 18.81608
9.99381819447444 0.743076817983067 23.44623 22.01943 19.89532 18.9013 18.4011
10.0015266455105 0.989081019576132 20.9278 18.5292 17.46162 17.02747 16.78145
9.83224162396226 0.770731647737858 18.61214 17.44334 16.93667 16.74728 16.6555
9.88952221563414 0.716860106338619 22.02207 19.32008 17.85741 16.79803 16.21409
9.96040486769124 0.986459070529095 22.12122 21.19161 20.91702 21.10556 20.71634
10.0794399404121 0.823621123160739 21.77463 19.42573 18.25416 17.78421 17.54927
9.93957436909301 0.837700370700221 19.55831 18.29196 17.80133 17.59421 17.49815
9.82708189164543 0.904434745872391 16.14551 14.64781 14.03738 13.6829 13.70927
9.55446133888864 1.14220591919179 23.05416 23.09436 22.13248 21.6887 21.64763
9.61902334617565 0.573420174396044 22.68129 21.59904 20.62433 19.85398 19.41812
9.85494750549742 0.556804181690226 22.26209 20.38768 18.98259 17.6666 16.9469
10.0801906980663 0.828008854059885 24.22445 21.98211 20.53199 19.1019 18.35546
9.77671799916158 0.751356880058083 22.379 21.2949 20.15354 19.66298 19.40481
10.0416338248535 1.00607868895641 20.32261 18.82844 18.05046 17.62697 17.48544
9.69183798486392 1.17537202742355 19.55695 18.63294 18.3266 18.22096 18.15273
9.72727455928055 0.617997762504685 26.39319 22.45094 20.94324 19.75351 19.10652
9.61014314309935 0.655816550544246 22.01955 20.23442 19.34208 18.9388 18.76884
9.86052794245188 1.13214577867943 19.89118 18.70251 18.25385 17.94528 17.90394
9.55019892849202 0.966225051432597 21.93363 19.62621 18.37185 17.83981 17.48195
9.82832553218179 0.891993679273859 16.19029 14.90307 14.42998 14.15213 13.95494
9.55272826513908 0.59155430005432 22.44973 21.88431 20.95638 20.70423 20.45886
9.8677487266998 0.863415839015916 19.71856 18.61631 18.17845 17.87955 17.69832
9.74348681366553 0.946101681378479 22.54181 21.78486 21.46898 21.18449 20.95195
9.76382627555438 1.16657850142148 21.3053 19.66527 19.04132 18.86362 18.725
9.56337109634313 0.773710708616428 22.07081 19.56628 18.14433 17.29526 16.85276
9.66947945061665 0.782898441043861 22.4619 19.93337 18.73076 18.22297 17.87518
9.81063132321574 0.785864588289246 20.39506 18.96113 18.39962 18.23 18.12782
9.89665095066289 0.802469596990489 18.1326 16.81901 16.29926 16.13476 16.02209
9.50636373615049 0.673465810785688 22.22024 21.79999 20.92858 20.38736 20.07636
10.097642918548 0.85644440887306 19.97219 18.67878 18.0318 17.63668 17.39665
10.0772202729233 0.829207827329609 19.55093 17.86027 16.86961 16.35147 15.96021
9.91935172650631 0.964707046703778 24.20354 20.9393 19.51911 18.00861 17.20993
9.78948185107208 1.17997044397476 23.09358 22.80551 20.90266 19.66127 19.16733
9.87166797549435 0.609864385771802 18.96567 18.94622 18.77317 18.94747 18.98637
9.64847692226351 1.21167490805332 21.62008 19.25963 18.00484 17.45658 17.14843
10.0921356696074 1.16950562157561 23.65111 23.0048 20.6768 19.63464 19.26514
9.61830539435493 0.615722312786734 17.18982 16.18468 15.77776 15.60429 15.50604
9.92383659464562 0.777110641073376 21.30901 18.97207 17.90821 17.52786 17.28363
9.49252144846105 0.877486368823028 23.3917 21.56409 20.03412 19.24787 18.8703
9.66938013865791 1.20326315006227 19.31623 18.36984 18.02591 17.73185 17.60847
9.80743069347375 1.14292412026283 22.31494 21.57715 20.35276 19.56446 19.13591
9.71260418987799 0.588436638401921 21.31008 19.0556 17.66718 16.68413 16.14615
9.8092460466325 1.10644255779593 22.84575 21.20457 19.85686 18.59594 17.96046
9.82434686616381 0.900540802135973 24.04417 22.5798 21.36519 20.85435 20.32608
9.79293339430092 0.65982932663428 16.98195 15.47617 15.43215 14.62714 14.47901
9.8013396132699 0.751915855272404 19.30367 17.60189 16.93871 16.69905 16.58134
9.54514888489223 1.17997218903309 23.42774 20.05517 18.4614 16.92064 16.06747
9.88809054834826 0.969337699980894 22.41866 20.02324 18.57775 17.40236 16.78186
9.66339467769782 0.729092900632688 22.26399 21.71888 19.76217 18.70274 17.96215
9.61788283470497 0.837948524304223 22.53193 20.74498 19.19363 17.66664 16.79441
9.5520298001934 1.03163324576174 21.96147 19.38257 17.89613 16.83165 16.24069
9.50619115037944 0.975553055839856 26.23863 22.20972 20.3682 19.45197 19.09663
9.78076120199819 0.916816095878732 21.00669 20.08142 19.50874 19.23386 19.09785
9.87921285455025 1.04080409241732 24.94466 21.56207 19.97427 18.64504 17.92384
9.60584840498427 0.749302919154795 23.47471 21.60341 20.1303 18.95227 18.33363
9.89745316107405 0.906217937116048 22.44656 21.72392 21.67862 21.55351 21.22524
9.70688855477073 0.87334024256244 19.72126 18.50921 17.90699 17.58881 17.35207
9.82803522801154 0.671632256632105 22.31035 20.21416 18.82577 17.4947 16.76541
9.77591286299764 1.16282719384228 18.65497 17.51099 17.05838 16.84307 16.74686
9.57826220374812 0.643838510053576 19.49451 18.61728 18.24748 17.96398 17.91833
9.66314071545807 0.785322470345065 20.00786 18.50145 17.91662 17.69523 17.55796
9.96097268966338 0.833763314070065 20.24396 18.54441 17.52886 17.07767 16.71167
9.79433114424933 0.76788885086101 20.02368 17.54067 16.09675 15.01023 14.4325
10.1278326326326 0.773840296547307 22.33429 21.46725 20.06187 19.26802 18.72001
9.63914330947077 1.04889302260973 23.84945 20.68576 19.23592 18.25469 17.64765
9.74444040413277 1.02708145057521 21.26304 20.52802 19.47207 19.02911 18.69757
9.76092345261381 0.771626840131173 18.78572 17.72858 17.21072 16.90566 16.76131
9.65406346764144 1.01772158038228 22.48281 20.34008 19.08019 18.47118 18.13446
9.71581792319407 0.835062360814693 19.78319 17.30454 16.23497 15.85619 15.64487
10.068091231021 0.719615109525625 23.09308 20.25843 18.97786 18.41439 18.10571
9.9850399795061 0.864612487177232 19.84199 18.48819 17.97324 17.77898 17.72614
9.84173327887049 0.805414758189411 23.37864 21.2732 19.41089 18.75545 18.27176
9.79644636279863 1.08612604327005 20.12532 17.56145 16.40944 15.97287 15.74002
9.56078248765306 0.619560666266201 19.78911 17.88528 16.92099 16.5031 16.17208
9.5778500563282 0.607453841852701 19.31086 17.99078 17.32238 16.88681 16.647
9.66782511849357 0.674402272964063 17.39614 15.95268 15.3783 15.18211 15.08145
9.6968889733148 0.572142198057423 22.93982 21.91933 20.38062 19.63386 19.1925
9.97439594100007 0.986306345015106 21.88469 19.67701 18.36299 17.7408 17.38461
9.86490873014242 1.05587253623686 18.61698 16.62824 15.75549 15.42096 15.26905
9.56804159938724 0.873896791382943 19.43081 19.47706 19.80181 20.0058 20.27424
9.98136962200925 0.881575904525086 21.69916 20.37063 19.34383 19.0089 18.59245
10.0033924259711 0.562143093074633 22.36984 19.68917 18.25078 17.21325 16.6367
9.74670367311444 1.21274617923902 21.58107 21.10176 20.27091 19.55291 19.44903
9.6805394860441 0.782412996797934 24.06496 21.77313 20.11464 19.20067 18.77767
9.49469420965761 0.631131327849923 22.63416 20.15392 18.68929 17.50373 16.86107
9.52337958102225 0.915504141049497 21.20587 18.46433 17.3292 16.87138 16.60066
9.65844623123928 1.13645740211575 20.78593 18.44793 17.39089 16.99941 16.79679
9.91627008521345 0.913446125592096 19.15081 17.84354 17.3089 17.07348 16.97519
9.85748675276534 1.13819082727142 20.03845 18.62089 17.80549 17.36302 17.00905
9.94903159686177 0.655353703796731 18.53374 17.49952 17.02309 16.79844 16.65783
9.68058189562578 0.557438930291084 19.45298 17.43049 16.50352 16.07549 15.72685
10.016077137636 0.981737614065207 22.97127 22.03445 20.62436 19.85407 19.14101
9.98815452699876 0.979933502754717 23.55338 21.73742 20.04348 19.12955 18.70266
9.49788438733151 0.886448597577973 20.82016 20.45421 20.42504 19.99708 19.77209
9.95941917960363 0.569676061748279 23.3788 20.54927 19.11984 18.02023 17.43674
10.1307290307547 0.836081054072985 19.53528 18.28289 17.6865 17.32585 17.10906
9.66817233794001 1.14811929467853 22.34606 21.92832 20.81079 19.99345 19.45939
9.73831737130365 0.94211230314187 22.38103 21.84132 21.53015 21.31074 21.37551
9.89760681414168 0.85147003604525 23.00171 20.99443 19.90705 18.82312 18.28025
9.67009891182713 0.826056962610542 23.69026 20.66065 18.99679 18.37188 18.02271
10.0565426598741 0.59110328398408 20.35769 18.69365 18.22949 18.12824 17.88638
9.49845700335436 1.21066907208972 22.16622 19.61849 18.15814 16.70971 15.87824
10.1297202109937 0.918971134247102 19.01876 18.06606 17.77294 17.65958 17.6431
9.68581702624351 0.975019528207183 22.75861 20.01987 18.57818 17.62506 17.10211
9.5233792623834 0.579330770882811 19.23886 18.33665 18.02866 17.91783 17.87452
9.53214518400694 1.1170074355947 21.28963 18.93536 17.58367 16.73925 16.28001
9.49535717774916 1.19322095990663 22.24122 20.32691 18.47289 17.7658 17.36249
9.63527285447816 0.805007285094636 17.04874 15.97186 15.61729 15.49876 15.45603
9.51919701822811 1.06991813506602 23.31213 21.76757 20.46498 19.66457 19.2107
9.64660213587536 0.831651586074864 25.29263 21.82293 20.10585 19.17144 18.65621
10.0946389954251 0.789299363366965 22.75267 19.85113 18.45228 17.65077 17.28006
9.53176660229261 0.724621476021062 22.44379 19.67227 18.2423 17.35246 16.88032
9.73259566738201 0.801134966488163 21.90133 21.22084 19.88486 19.37445 18.96095
9.80341340022426 0.980200625391168 25.29045 22.58644 20.47692 19.47205 18.79861
9.50366065739306 0.793218212534324 22.58593 20.26036 18.8836 17.73586 17.12235
9.82433382693205 0.912766207794579 15.64988 13.79875 13.00637 12.6086 12.30968
9.97679528391799 0.726451623728896 22.52339 19.53819 18.18551 17.46633 17.0235
9.70164121288008 0.705532800610014 22.94127 20.453 18.73986 18.10317 17.90357
10.016943167548 0.750154635890107 21.59171 19.19167 17.98739 17.47305 17.15479
9.84209912635788 0.591647369684153 17.5356 16.0896 15.78019 15.44133 15.39201
10.0759112943273 0.925261784670114 19.119 18.88935 18.70092 18.60578 18.45139
9.67205728582979 1.13224581389344 21.3191 18.82455 17.50261 16.71949 16.24091
9.72210234226964 0.918042933986025 20.9362 18.36323 16.95561 16.20578 15.79471
10.0168148329695 0.880315581383207 21.34028 18.68887 17.20097 15.99015 15.36021
9.69645195191413 1.08329208455665 21.891 19.50287 18.14885 17.46932 17.11247
9.72918957821636 0.656378251715627 20.75077 19.03319 18.20039 17.87957 17.73536
9.55600785257343 1.21658402227415 21.63424 19.29646 17.96142 17.32156 16.93496
9.73318198741515 0.608359960554701 22.41047 19.58859 18.2695 17.57694 17.17996
9.70315481818042 0.741167670372952 22.10167 20.97485 20.24562 19.95728 19.84094
9.77014547646951 0.567939919029769 20.85553 19.91043 19.28502 18.62004 18.78602
9.77976828221506 0.927236249559794 20.52213 17.88904 16.48695 15.77274 15.39936
9.88086807612848 0.730505478874047 22.74479 20.31286 18.80291 17.92511 17.39366
9.69985512504314 0.630267568767651 22.37152 20.39163 18.96853 18.26713 17.85468
9.95221365366137 0.845145635943898 22.82829 20.70748 19.25633 18.60424 18.25644
10.130759319126 1.1685480780868 19.69578 18.58059 18.30015 18.07029 18.04954
9.75854525541689 0.577393860644487 18.9805 17.33819 16.70214 16.48269 16.36875
9.73681529898687 0.741183424931921 22.76869 21.34557 20.50696 20.30836 20.10741
9.52013626079611 1.04191062243646 22.46191 21.9395 20.57243 19.74356 19.38706
9.959644260327 0.666522723807053 17.10305 15.96623 15.54014 15.39452 15.28601
9.66342407537587 0.769467515011944 21.99986 19.64039 18.33492 17.67101 17.26325
9.83562559114338 0.661893479363621 22.2689 21.29543 20.36824 19.6917 19.44271
9.75049627076839 0.91421969244549 18.36003 16.91533 16.34674 16.10588 15.99673
10.0475230248204 0.694276261397473 22.67924 20.1038 18.67891 17.47038 16.81586
10.1299578407743 0.705352989047408 16.34629 15.35338 15.04062 14.90118 14.85626
9.76746394741161 0.707976800882909 20.03353 18.75171 18.26362 17.94866 17.80194
9.98078987848945 0.791165274208402 23.53409 20.90934 19.48643 18.86041 18.49269
9.69993862108532 0.750257199159654 21.30631 19.3978 18.5425 18.17457 17.92178
9.83155187044133 1.12125275563919 22.25772 19.93235 18.57057 17.52486 16.9482
10.0948597327836 0.591993842462706 21.03133 18.61118 17.4553 17.00599 16.74012
9.53853316560713 0.560793644841925 19.72232 17.28487 16.17809 15.72069 15.43097
9.74546663608567 0.804785370777885 23.39686 22.80936 21.17849 20.08969 19.7595
10.104906026967 0.642130022292064 19.07324 17.61509 17.07801 16.89099 16.77515
9.63707754083896 0.601805935997649 20.73282 18.24812 17.03197 16.50267 16.18806
10.1479803588988 0.574160771289044 17.91764 16.90715 16.59961 16.47519 16.45272
9.81781028511108 0.742895587519807 22.7748 21.62798 21.1992 21.09117 20.91053
9.96317920917966 1.18823097905529 22.48593 21.45542 21.05051 20.77081 20.67429
9.73759525920181 0.814086786025975 17.11996 16.06914 15.72709 15.60706 15.56556
9.53389420088666 0.927358518603244 22.55719 21.87054 20.8143 20.01227 19.57064
10.138446888042 0.608841753475628 22.92107 20.51925 19.08544 17.65037 16.87844
9.48670915066737 0.571826270065982 21.13963 18.75032 17.70842 17.32286 17.07478
9.65991818683037 0.735836838638584 22.68961 24.66844 21.06035 19.67671 19.17544
10.0909319948931 0.621740253337597 19.87839 18.73188 18.2389 18.05621 17.97501
9.77082730399684 1.17219905080561 22.03141 19.77689 18.53521 17.97664 17.70474
9.81442304083373 1.12398559997475 22.10157 20.08309 18.75 17.37377 16.63895
9.89699525502999 0.985577903888992 22.64024 19.87019 18.56502 17.96315 17.64138
9.68291594015579 1.05318297868696 20.19621 18.39379 17.52131 17.13189 16.83624
9.9453202615432 0.581363001564327 19.79449 19.60916 19.49444 19.39938 19.34176
9.71430405267012 1.07302967474431 24.06485 22.04678 21.45959 21.32908 21.23573
9.69587283976688 0.637716649733475 22.60126 22.52741 20.93961 20.00571 19.56663
9.71371316100476 0.953646996840857 18.31351 17.52396 16.64729 16.45994 16.39429
9.80728335644352 0.862115715605107 22.35194 20.88359 21.22289 22.14184 22.8269
9.63699942748792 1.16412271029449 19.59844 18.62729 18.26155 18.13407 18.11104
9.92479824851409 0.566285594712403 23.67977 21.90564 20.31647 18.87122 18.08198
9.62521443673114 1.08199208354917 21.98648 19.71241 18.49876 18.00599 17.74058
9.91764046468725 0.711552752248601 20.08809 19.85478 19.94633 19.71349 19.79151
9.84476622748852 0.836230709394335 19.29329 16.74151 15.34856 14.74847 14.37129
9.50238642276861 1.12001727903967 20.23232 18.87323 18.43297 18.10683 18.06289
10.1015359338226 1.01467004096746 21.80977 21.0139 20.80942 20.75383 20.78665
10.1284323121354 1.11643221975219 24.42366 22.37399 20.57065 19.64641 19.2118
9.59987908472903 0.781110945626671 22.10613 21.31391 20.1592 19.6998 19.14752
9.72662154362251 1.12350025937992 21.56053 19.1502 17.95281 17.40823 17.08101
9.97755039609842 1.1021138240501 22.16015 19.72808 18.3467 17.13726 16.50153
9.81266610469072 0.61589222684601 20.18091 17.66156 16.35323 15.82106 15.51952
10.0778276845114 0.923865889314851 19.62131 19.39521 19.23271 19.05938 18.78469
9.80789330984169 1.02634938339556 21.0397 18.50013 17.20935 16.81162 16.52788
10.0116051067164 0.585160595916415 23.11918 21.66634 21.47526 21.58094 21.29355
9.48407695277552 1.19045532333533 23.89431 22.32235 21.00772 19.96612 19.64056
9.74308455121252 1.1310645615145 18.19247 16.6554 16.12527 15.9413 15.8765
10.1225235574215 0.744500717363044 21.92141 19.38241 18.08042 17.44785 17.10197
9.81005239087176 1.05769188104289 22.89613 20.82518 19.34138 17.88569 17.11873
10.0554924876028 1.0928566779961 22.96082 21.08428 19.4083 18.6909 18.1766
9.7048308977312 0.839292381562266 19.94402 18.00044 17.01501 16.62456 16.27723
9.86140974942239 0.745947849759569 23.03025 21.51104 20.29889 19.79191 19.48511
9.71988610199708 1.09339889511212 19.13678 16.67797 15.64433 15.2858 15.09139
9.7808850389489 0.929585253188108 22.33564 19.76282 18.30911 17.53257 17.11121
10.1166796840915 0.656621767486438 21.52738 19.06988 17.49594 16.23254 15.54194
9.60288766019869 0.571771747565406 22.28674 20.34966 19.47641 19.10662 18.92226
9.6669743387645 0.771502968754147 23.15901 22.40872 21.07723 20.15376 19.48679
9.84107009135107 0.60430694091042 22.04487 21.23563 20.19457 19.43888 18.99023
10.0537782270852 0.879598748070198 23.96347 21.75821 20.311 18.8932 18.16824
9.84605283754524 0.792218882210521 22.8609 20.35546 18.75564 18.09326 17.67117
9.53801098174989 1.15294875692014 20.72992 18.30488 16.9949 16.35471 15.97691
10.1394307585864 0.819016780162646 20.48433 18.44921 17.17964 16.70726 16.33822
9.75519289799911 0.987605493682568 24.19608 21.61754 20.16482 18.7661 17.94951
10.0102850821865 0.84402878768848 21.87116 19.42211 17.97323 16.77228 16.14508
9.89381811100486 0.85118126411328 23.52592 20.46079 19.03524 17.88847 17.31883
9.82025119517641 0.909223818010417 22.02002 19.73447 18.73021 18.35919 18.1952
9.98383275598485 1.14275027571833 20.15252 18.37103 17.54064 17.1735 16.89571
9.58806459844971 1.13144978182921 20.79835 19.18985 17.8479 17.34576 16.98246
9.7361012570085 1.02968858649183 23.07491 20.98907 19.61732 18.61408 18.05909
9.94096384360773 1.10418416240225 21.5891 20.97387 20.09198 19.80709 19.42576
9.62916539482202 0.65723022797405 20.48133 18.28382 17.3381 16.9992 16.80962
9.81178191861204 0.735573399731775 22.57734 20.1844 18.56034 18.00487 17.61596
9.92247283281836 0.977757668585876 20.43037 17.94709 16.51531 15.80404 15.42633
9.85060432440309 0.980080282426746 18.03505 16.88916 16.4953 16.35632 16.28692
9.64865285612419 0.775730492639494 23.36286 21.68464 20.20837 19.4024 18.98608
10.1075682976076 0.802012505810597 19.8534 17.91251 17.12191 16.82528 16.65733
9.89007058143557 0.865355031420486 21.67389 20.87739 20.65756 20.57004 20.82696
9.72772877694797 0.933680060081084 20.88052 19.35383 18.66366 18.39499 18.27317
9.85809343825684 1.19661120080405 19.97834 19.76204 19.78629 19.59684 19.62441
9.91540148604511 0.674738378941879 19.06069 17.09982 16.27286 15.95825 15.75411
9.5656615205063 0.689286610281169 20.74438 18.47178 17.4684 17.06027 16.82156
9.89567937386067 0.821235973823439 18.74629 16.43959 15.41447 14.99644 14.72302
9.79537845871334 0.849932775877306 18.20148 16.74578 16.21382 16.02522 15.96854
9.55569470161291 0.667314487150191 19.206 16.79913 15.8467 15.45743 15.23002
9.76632143090933 0.849515087045523 19.89051 17.83134 16.79898 16.363 15.99662
9.95929214806588 0.834029709134646 23.57779 20.7657 19.21839 18.60647 18.14766
9.83979238041985 0.800968914046155 22.19835 21.10601 20.48916 20.24906 19.81749
10.1494930726124 0.863407223620815 22.78538 20.0088 18.55131 17.68612 17.24345
9.59361524726296 0.995023834386897 22.60448 21.51316 21.21763 21.07567 21.22417
9.69012152609878 1.11812642521354 20.75042 18.78843 17.78098 17.35282 17.00066
9.67683649425328 1.03343291605901 25.14515 22.604 20.83307 19.96622 19.61158
9.85142233279097 0.660021028632528 22.83255 20.50317 19.03376 17.70937 16.98408
10.1380510783879 0.690609442648602 18.84247 16.2256 14.88752 14.26421 13.92049
9.68846742630132 0.978550455156868 22.51069 20.2035 18.87552 18.04747 17.58147
9.7485974907629 0.717715443069269 24.69126 20.47398 19.08293 18.52975 18.15945
10.0466962473423 0.905013012883123 21.48207 18.93608 17.49357 16.48776 15.95683
10.0573808804608 0.985026981565767 22.64104 23.09926 21.88406 20.83082 20.33111
9.98755893019961 0.984870441232996 19.75717 18.86452 18.44017 18.09961 18.06182
10.0287332193754 0.683144149817379 18.37657 17.01713 16.4597 16.11087 15.83937
9.94867519865386 0.81178241334064 22.38363 22.15165 21.43148 21.2681 20.78791
9.53055821201121 0.960512773176606 25.15221 23.86829 22.76156 21.17289 21.10483
9.96407588187969 0.799347875330566 23.08734 22.95995 21.09513 20.08965 19.64224
9.51193458588861 0.837176297344495 22.04369 19.79996 18.26248 17.53144 17.09011
9.61284178333028 0.621675969593646 21.16662 19.84295 19.30099 19.07299 18.9649
9.77222643587413 1.06178053421303 24.61254 22.26593 21.85174 21.73375 21.60734
10.0933137061 0.791290651273026 18.59197 17.44216 17.0192 16.84151 16.78436
9.88813975719154 0.618733097391316 20.08433 18.90711 18.13505 17.75163 17.49835
10.0415469152664 0.635646287196313 21.12684 20.48577 20.40924 20.52309 20.63222
9.60200800626149 0.933219818597999 19.89906 17.36843 15.9483 14.91206 14.351
9.61017040498058 0.573414474227544 20.69133 18.23311 16.87697 15.65028 14.97191
9.71623109334075 0.654204508795265 18.98329 17.63037 17.25989 17.11676 17.07525
9.81770953730745 0.750011140386136 23.18742 22.67029 21.14656 19.83745 19.28542
9.55967213756821 1.14197217958424 17.32644 15.83485 15.29333 15.11457 15.06088
10.0124260009314 0.779044315185646 24.20744 21.25529 19.48103 18.85455 18.35728
9.91630593645601 0.788641673375816 17.86406 15.94126 15.23066 15.00526 14.88141
9.63652226270287 0.632028562431278 22.60336 19.93724 18.48786 17.70751 17.27942
9.86304649124691 0.864677063005543 22.75267 21.72261 21.09653 20.81272 20.53462
9.88854978354064 1.04943099695259 23.6359 22.21351 20.404 19.58151 19.11922
9.79760120326148 0.991223572166974 22.50263 19.98935 18.57597 17.77243 17.3202
9.52316610762205 0.637961945884392 20.97205 18.40234 16.97945 16.21609 15.78872
9.96997316245051 0.953720454555848 23.14202 20.07574 18.6963 17.49744 16.86919
9.7591863236068 0.591219839395428 19.70035 18.79793 18.46268 18.35353 18.28329
9.72415081249426 1.01695285506022 19.52426 18.08941 17.58831 17.41328 17.35364
9.8565152048609 1.01895209247477 23.45845 22.12858 21.8245 21.38662 21.87999
9.92615424731639 0.753843617549587 23.23436 20.97135 19.71022 19.15535 21.25606
9.73001716064834 0.991258984910189 21.42474 21.11667 21.3125 21.09851 21.7584
10.0921903756645 0.566524539766358 22.36587 19.7978 18.52012 17.93092 17.61227
9.82541006394581 0.621143336992548 22.44113 21.15805 19.35389 18.70236 18.30992
10.1173795135306 0.878366406670029 20.28152 18.21438 17.17787 16.71158 16.3426
9.85589629245629 1.20187792105537 23.59598 23.50905 21.19101 19.99486 19.52155
9.58756405334776 0.792886404553474 19.94653 19.00407 18.76116 18.6655 18.58811
9.85066955996575 0.902047711517159 20.39331 20.17107 18.68612 17.99857 17.90018
9.55662739154923 0.958844567602418 25.02833 22.2438 20.88737 20.56154 20.31492
9.97515880449819 0.820496821616146 21.21579 18.63653 17.17302 16.27797 15.76844
10.0792309529334 1.05410629589791 19.81517 19.08134 18.97781 18.64841 18.73607
9.59895393367066 0.980097911168927 20.84964 20.43162 20.38175 20.39386 20.06444
9.51776045390079 0.974989837249564 21.27112 18.65886 17.18818 16.19389 15.64493
9.77189391858849 1.08851777518243 22.14587 19.4354 18.12911 17.57661 17.28166
10.0130520270677 0.693041491546933 23.67532 20.35169 19.01451 17.89762 17.26126
9.86737236249735 1.12039478583462 20.42296 19.40208 19.07714 18.93323 18.95979
9.80888941178335 0.638243559856209 25.01858 22.47075 20.94814 19.8678 19.38565
9.59653528175625 0.608560686562434 20.47652 18.49148 17.73312 17.45474 17.27174
9.61439836674072 1.16740559192825 21.30618 20.84521 20.73396 20.52458 20.12997
9.55911283741426 0.745882899171347 20.74507 18.18942 16.71176 15.90663 15.465
9.95679445472388 0.660645102360656 22.86632 21.49712 20.25991 19.06707 18.47292
9.74886357106215 1.06988761259907 21.55152 18.88973 17.49213 16.78728 16.42466
9.8876415457982 0.774708570006505 20.9366 18.50594 17.23414 16.71156 16.37333
9.50474614542827 0.932782369850023 21.69429 19.03634 17.52595 16.45125 15.85867
10.1488025239834 0.587373872299668 22.55249 23.22467 20.78192 19.38414 18.72086
9.65501694771012 0.772947128345815 22.20594 19.97034 18.60501 17.89832 17.449
9.70269473705633 0.659610337175136 20.72307 18.18701 16.79027 16.05937 15.65893
9.99949344709694 1.06522715780054 17.12903 15.40756 14.52847 14.12673 13.81376
9.93131239435047 0.764724829407454 22.72707 21.0012 19.26326 18.58705 18.14396
9.67291092225588 1.07907779762338 18.89588 17.71812 17.26087 17.09088 17.04068
9.74672226569425 1.16466927776791 21.2737 19.10196 18.04564 17.64121 17.35789
9.61567870414029 0.620663751497994 20.77323 19.70869 19.24989 19.06671 18.91044
9.80027726959162 0.684485299513776 20.82606 20.35066 19.57205 19.41604 18.90942
10.1253638404746 0.754833233823648 22.68484 20.49712 19.10488 18.22853 17.7556
9.79410199680672 0.989872390518699 23.91642 20.3366 19.33865 18.90458 18.75054
9.70612154678383 0.688411024451294 20.89544 19.90239 18.90921 18.52 18.22584
9.60693241180681 0.820835719724394 18.9461 17.63959 16.96793 16.63206 16.36099
9.52567703315304 0.982020599176129 21.01319 20.1459 19.79949 19.60098 19.60551
9.57823825404637 1.15653879177389 23.26958 21.6843 19.8012 19.09639 18.83379
9.5400842630786 0.959015282818602 23.71252 20.92667 19.46115 17.82096 16.84034
9.92450427105439 0.964749124336573 20.88256 18.17668 16.76078 15.76515 15.27181
9.60789535990136 0.911310384508521 21.776 21.23263 20.27016 19.58489 19.10242
9.69754534774199 0.710718609691068 22.83613 21.87883 20.23425 18.14439 16.99928
9.84732897432161 1.02026842251585 22.50544 19.57254 18.06653 17.18958 16.70482
9.80272597269294 1.15585573898194 19.7781 18.73274 18.31672 18.1415 18.0932
9.90274476854802 0.79465229945882 25.6555 21.93193 20.24833 19.33409 18.98413
9.73665479695035 1.11412995076473 20.17585 19.0963 18.02805 16.77022 16.47737
9.86920962173241 1.14732159806921 18.13375 17.27662 17.00069 16.89386 16.86049
10.0662646818325 0.598270222384046 22.17118 19.87417 18.67108 18.19714 17.84225
9.87940757135686 1.02369100535726 20.53986 18.92712 17.76452 17.27648 16.98001
9.78620127164697 1.11900509245295 23.46097 21.89873 20.29509 19.32444 18.93523
9.77091017393889 0.903645646777978 19.97829 18.05557 17.23994 16.96108 16.82166
9.86428684221985 0.720839316474077 23.21591 21.24569 19.714 18.26038 17.42197
10.0617862284433 1.11339898655298 22.94721 21.66367 21.53761 21.27142 21.53155
9.56467577020163 0.93246313975647 23.31387 20.96314 19.13356 18.51905 18.13793
9.97504216977114 0.960430045876045 21.28428 20.61334 20.3812 19.86782 19.56771
10.1004964145193 1.15670540630492 19.78354 18.67196 18.17987 17.84622 17.62132
9.50881763495761 0.952659491849489 23.13924 22.04593 20.7914 19.95561 19.55071
10.0459048079142 0.586799974197157 20.66538 18.04329 16.72732 16.17437 15.88492
9.75102448450326 0.700323842339846 18.60176 17.68005 17.4341 17.36646 17.3414
9.7636399325163 0.983954969101775 21.04714 20.43118 19.68517 19.39405 19.06468
10.0041615064268 0.558540298400232 20.83011 19.98622 19.58239 19.15342 19.05022
9.75268946275477 0.660692450652937 18.62469 17.82713 17.54518 17.42911 17.37637
9.80530181425132 0.781576648105589 20.31039 19.3726 18.89099 18.73959 18.67351
9.63248301755038 0.918027763859428 23.53016 20.86593 19.51811 18.36071 17.72398
9.99598169426133 0.680068168550448 20.09051 17.37224 16.16052 15.6771 15.38201
9.49699019784879 0.864685000107542 23.34742 21.70912 20.21039 19.30932 18.88323
10.1351943348967 0.775426220383669 21.25003 19.12413 17.80861 17.2775 16.92555
9.77978069583017 0.758485718368096 19.622 18.26043 17.7384 17.55423 17.46832
9.68380160659137 0.812551269438529 22.97464 20.39028 19.08745 17.71239 17.00978
9.85015240670873 1.00941389555217 22.78585 19.94157 18.5762 17.66245 17.15086
10.0569019886674 0.63242532165345 18.24431 16.94374 16.31555 16.00506 15.72408
9.68737597953077 0.98547982489929 26.1147 22.41282 20.77445 19.7608 19.23767
9.82344685948823 0.763393077616931 22.12798 19.49501 18.11695 16.80446 16.11914
9.83106891239697 0.625042572636165 22.88263 22.44547 20.89622 19.80238 19.31141
9.69389626361425 1.11425661785233 26.13258 20.62445 20.57549 20.36337 19.69291
9.92082375133273 0.632773876669882 22.61221 21.46895 20.50107 19.77267 19.45897
9.99996926399649 0.950884742723864 20.63882 18.43511 17.29717 16.79992 16.53913
9.95161705796488 0.586063019391755 19.89042 17.39911 15.99498 15.32247 14.9435
9.94905597207128 0.984619271361757 21.90576 19.45918 18.18655 17.6101 17.28573
10.0081453728795 0.659341875894654 21.03114 18.45315 17.36846 16.94948 16.69418
9.8661903493969 0.965212022467982 21.88053 19.5338 18.18088 17.44076 17.04005
9.67664835654773 0.598615513760654 18.05232 16.74676 16.17289 15.93607 15.74776
9.9569652059244 1.11912570499829 22.92713 21.15847 20.90061 20.87566 20.74384
9.91318165432614 1.10494984067292 20.4621 19.2663 18.53547 18.20924 17.90956
10.0089644111812 1.0507495264808 20.6824 18.97331 18.15154 17.79204 17.56051
9.64511620411713 0.600920300971034 21.36889 20.88208 20.35207 20.23214 20.00137
9.59312353375378 1.09934423769168 25.57377 20.50193 18.78012 18.13554 17.80373
9.67030199076905 0.792576985087682 21.52596 21.74169 20.19286 19.09193 18.66948
9.58165174856646 0.869561512040436 20.21477 17.76258 16.32715 15.26971 14.68992
9.61924345433039 0.59027737172738 23.64449 21.42647 19.93978 18.53708 17.79652
10.0560787794489 0.591223422881044 22.61351 21.9652 22.08774 21.68518 21.89725
9.71431789912532 1.0495352147892 21.59975 19.42837 18.43017 18.10993 17.93316
10.0604666508294 1.05649271790195 24.3041 23.59574 23.9478 22.22488 22.15269
9.74889581798675 0.749735070780844 20.65567 19.32867 18.79147 18.61586 18.48495
10.0962896435139 0.758461528502177 20.79363 20.07044 19.57968 19.47147 19.164
10.1017089116037 0.784214164188585 19.76301 18.77942 18.35569 18.06284 17.86161
9.6139885157761 1.05971076487124 17.27045 16.16969 15.93374 15.85983 15.90194
9.78726994529359 0.917821207885607 21.11816 19.20647 18.46628 18.18555 18.06549
9.90021904649723 1.09165965086973 18.30489 16.97573 16.54675 16.43402 16.38852
10.1016316025009 0.751171149805259 25.21104 22.36972 21.04506 21.05252 21.63979
10.0614782146885 0.710481133784631 19.96301 17.32596 16.08396 15.58612 15.30809
9.77700735178848 1.19555473819883 21.71777 19.1517 17.71802 16.76694 16.27683
10.0298203019528 0.785404226479127 20.92414 19.98831 19.62115 19.47091 19.39593
9.48888650786188 1.06993015820522 20.24263 19.56245 19.23878 18.90491 18.89328
10.0806646606497 0.974477193998979 19.97326 18.43993 17.68942 17.32953 17.07095
9.48301378408814 1.01446279778812 23.51845 22.13895 20.82912 19.92155 19.47135
9.9747299787339 0.705832714157924 23.44298 22.87362 21.38739 20.01842 19.35419
9.60374489783783 1.06822322607384 23.00654 20.09152 18.67024 17.05584 16.22493
9.63570213571265 0.807480072454985 24.02847 23.61358 20.87376 19.91985 19.38358
9.57887627822271 1.05740990991796 20.13486 19.23588 18.87278 18.72116 18.6981
9.78788692287606 1.14240365152635 21.8685 19.63471 18.13413 16.41961 15.50448
10.1036673500228 1.10090613083368 21.74252 20.84062 20.00326 19.29495 19.05942
9.67115678061884 0.613274164986826 20.35477 19.10283 18.89508 18.71552 18.98274
9.56968904560642 0.616521511684871 23.39119 22.16785 20.91719 20.09686 19.79226
9.80353002200013 1.06645209494835 21.31779 18.85587 17.58752 17.06736 16.79495
9.56194739636325 0.699360928576032 20.78605 18.29236 16.88573 15.93546 15.42662
10.0862742208469 0.880830942090114 18.45675 16.48936 15.45196 15.00828 14.62347
9.55732214233603 1.0173379582272 20.71528 19.32798 18.80236 18.68491 18.64129
9.59245079958791 0.740445164771307 22.8875 19.91728 18.45901 17.03892 16.2765
10.0104563059887 0.646277077884764 22.73104 20.06693 18.6058 17.60637 17.04208
10.1399018881062 0.797036662606013 22.8405 20.81193 19.22633 17.78909 17.02506
9.48404442918999 0.668844321347565 21.08944 18.71639 17.1889 15.90083 15.19136
9.52448263432481 0.741263029157449 25.09469 21.4319 19.96787 18.79397 18.17939
9.69413671003036 1.21912795484643 25.56868 22.54271 21.55841 20.23729 19.18524
9.87176425009693 1.06285056163394 19.62746 19.04416 24.42262 19.53672 23.24141
9.5512935815689 0.833474022157586 23.16162 21.07606 19.38248 18.79995 18.43143
9.53429004738035 0.974599195922865 22.03612 19.50866 18.0123 16.68435 15.9594
9.62708837296873 1.02442790814337 22.30453 21.5266 20.15117 19.30962 18.94632
9.55290514148646 1.16339315307798 22.89623 20.08588 18.77433 18.13461 17.78801
9.60453148406145 0.803774492744624 24.78174 21.26036 19.64184 18.85885 18.35156
9.92730025176604 0.761624194115551 24.51366 20.95109 18.9178 18.17598 17.75013
10.0728202553764 0.847270450354083 20.18226 17.67273 16.48179 16.01252 15.80064
9.7193220210728 0.812773068894801 25.30237 21.50334 20.16587 18.89614 18.16363
10.0056751275923 0.968537395267248 25.27078 21.57926 20.00039 18.3019 17.33876
10.1036057767823 0.933972436431095 23.35365 21.22857 19.89753 18.78283 18.16054
9.51062437451549 1.10211446778848 24.21948 20.70186 19.24654 18.7261 18.28577
10.0019218946615 0.956962982943519 22.37455 19.52239 18.17199 17.4163 16.99952
9.7996339020475 0.863969479113922 30.62509 16.5584 15.60921 15.3092 15.61063
9.56058749124111 1.1731228878441 23.46233 20.88044 19.99505 19.65412 19.31815
9.84602259360668 0.59296072236975 19.51476 19.03916 19.12884 19.19217 19.13598
9.91235027087851 0.642436045791648 19.95211 18.09126 16.98117 16.53049 16.18141
9.50710224503473 0.875716650832061 19.64898 18.35411 17.46678 16.94027 16.62145
9.5231866624365 0.982256986245117 18.36325 16.85666 16.31359 16.13642 16.03014
9.9211255969592 0.907689191915357 20.51335 20.49762 20.71422 20.88364 21.32499
9.98153607203523 0.701449514097304 22.45918 19.97585 18.55217 17.48116 16.88852
10.1358136594641 1.17971662702872 22.0878 20.16755 18.4838 17.89294 17.54132
9.51214435264558 0.969206919642523 23.57177 20.82099 19.30559 18.19821 17.58724
9.60205183437472 0.582456599510305 19.41172 18.12499 17.43086 17.02725 16.72001
9.55015226536602 0.766470594472043 23.19411 21.01807 19.23238 18.65338 18.25858
9.65152327224632 0.976530360465094 25.22521 21.13726 19.2649 18.64151 18.21979
9.8884134966321 0.597476552779867 17.78708 15.81269 14.85616 14.408 14.08334
9.95111586639896 0.757818700759694 18.30733 17.24846 16.90181 16.76089 16.70437
10.0136709646248 0.714933981034908 19.08673 17.79869 17.33057 17.14664 17.0525
9.7117604759365 0.871862223936028 21.49258 19.27696 17.84377 16.68124 16.03193
9.93053479742173 0.960695860501378 19.22015 17.83964 17.20553 16.88044 16.69953
9.75984860561783 0.754122298835401 20.51492 18.989 18.37555 18.18377 18.05039
9.79306364831078 0.699246946737248 21.92314 19.28936 17.8182 16.67882 16.05911
9.57328735042057 0.674271421753167 18.81242 17.68949 17.34024 17.20631 17.17152
9.97847333590835 0.925403110811342 21.07204 18.39069 17.02777 16.36045 16.00114
9.49882162529616 0.975744323296652 22.40235 19.78322 18.36786 17.107 16.42547
10.1139326438099 0.796522762213011 26.20274 22.75072 20.978 19.91903 19.29712
10.0654707304745 0.595214037496624 19.12839 18.21292 17.97815 17.8926 17.84688
9.69405442184612 0.771296842056193 22.32816 20.04409 18.67332 18.08092 17.69481
9.98289589127756 0.828173626511782 17.57893 16.40843 16.00259 15.86597 15.81419
9.49921020646045 0.710007517807579 18.72338 17.7432 17.25423 17.05532 16.92307
9.82059890066091 1.02348759639101 22.27419 21.09407 19.90744 19.63394 19.27337
9.89587301825242 1.02968431278934 22.06219 21.71759 21.74646 21.77805 21.34954
9.57925444311292 0.680067089860802 21.86834 19.2341 17.8207 16.56045 15.89877
9.54982967595362 1.14701231331185 26.40919 22.32644 21.15383 19.84215 19.23857
9.58587159731138 1.1577136078221 21.81717 21.50473 19.97277 19.1538 18.75424
10.0632101262231 0.55492165319957 20.48949 19.39807 18.9893 18.84035 18.79181
9.9066417632792 0.852803752892167 22.32792 20.83188 19.53586 18.88011 18.61344
9.76435084006675 0.859349709544963 24.27089 21.29286 19.84685 18.4364 17.70629
9.58793914490036 1.00008217949233 21.86616 19.09438 17.64311 16.61356 16.02437
9.88488148449159 0.96057493975369 20.20841 18.56565 17.96317 17.71145 17.68187
9.59068271141825 0.748294179868958 26.36702 22.8407 20.64747 19.65062 19.18751
9.55811613892223 1.11317539766723 22.58565 20.87696 19.26859 18.64981 18.29015
9.75087340697203 0.810632224870659 22.18956 19.86638 18.43718 16.92356 16.07523
9.6780519088494 0.978063097872498 19.81864 18.18172 17.2784 16.83456 16.49058
9.93156559366423 1.00385774233722 18.65366 17.27904 16.75657 16.52944 16.45378
9.74488514963321 0.957533555586386 20.10559 18.55691 17.55533 17.08976 16.72915
10.0597097494624 0.599241242479329 20.1499 17.54586 16.18859 15.58011 15.25463
9.94116503140037 0.981943673760242 21.17868 20.24485 19.99945 19.92481 19.87686
9.73968260725013 1.14307141098765 21.9642 19.58217 18.35676 17.84274 17.53653
9.95022988314179 0.617095413949415 20.29371 19.35479 18.95812 18.74673 18.62384
9.87442390961087 0.640525382932243 23.30704 23.13436 22.51761 23.23404 23.37733
9.87540542077363 0.648706105637629 19.8494 18.60531 18.10968 17.88883 17.75236
10.007054486591 1.05699938675995 20.27184 19.37935 19.09487 18.98223 19.10356
10.019511054853 0.747784718533313 22.4593 20.61378 18.84155 18.20205 17.73022
9.75692004310315 0.898253058928313 19.54814 18.16797 17.59549 17.38357 17.28262
9.73835560625167 1.09568096123168 19.90558 18.85303 18.33886 18.06383 18.02062
9.75958199158791 0.724029752248712 22.47549 19.47867 18.00592 16.9963 16.42534
9.78773262652365 0.656370468968174 19.63787 18.01612 17.34528 17.08602 16.92373
9.72007658045743 1.15754951087217 23.40034 20.70584 18.91035 18.22881 17.76745
9.86692726078053 0.776279935309365 21.08551 18.8254 17.57286 17.10597 16.81441
9.76526481001764 1.1102571517092 23.09123 20.37697 19.165 18.58535 18.29473
9.6998934187103 0.582658775373298 17.59982 17.07526 16.58668 16.09931 15.92875
10.1392589884418 0.670146700981361 25.80394 21.31805 19.59515 18.73705 18.21251
9.51149604863727 0.771680074130234 20.01829 19.19102 18.89867 18.61751 18.42655
9.54868590093872 1.04740085767068 22.83111 21.62041 20.09037 19.09661 18.62019
9.75695980837673 0.993395229544349 22.25984 19.67206 18.34585 17.73703 17.31846
9.87672335169225 0.920157314373065 20.71197 18.24714 16.89939 16.05724 15.62351
9.75168715986592 1.12390227002058 20.14907 19.90939 19.74572 19.36203 19.29648
9.89512804609012 0.859958671174391 15.02831 13.38069 12.76942 12.42095 12.30913
9.64338267470484 0.642405243640954 23.30049 20.94062 19.59001 18.21385 17.48649
9.9366169495986 0.979944097567681 21.0788 18.39817 17.19024 16.71527 16.48212
9.70735084674206 0.773349523523013 20.97725 18.68464 17.82582 17.37875 17.02906
9.7538601367786 1.01114896571516 19.24502 18.23751 17.9239 17.72869 17.81745
9.75781737377514 0.819171379804022 23.0608 22.10434 20.53093 18.91471 18.02503
10.1362143644379 1.06773373337714 18.39153 16.911 16.38549 16.20669 16.14243
9.99376326496531 1.15787464593837 22.44339 21.76797 21.33428 21.28237 20.67018
9.80059806949583 1.04477256228552 20.76167 18.7254 17.46034 16.95466 16.62141
10.0775826926528 0.790111121713136 21.1526 18.76588 17.46316 16.96797 16.7365
9.5372991403467 0.855434442111141 22.19871 20.77746 19.05693 18.45311 18.09742
9.76062803576519 0.805941297471518 18.8795 18.79292 18.89679 19.11117 19.18862
10.1489640575468 0.970950543678269 23.07818 20.74787 19.41378 18.7055 18.30327
9.66622200559812 1.07901206749746 20.29899 18.27333 17.22466 16.78889 16.42729
9.80588680001205 0.864161901337002 14.97497 13.26803 12.38739 11.94978 11.61349
10.0954530582279 0.660160203986223 20.11312 18.91137 18.48735 18.32237 18.23942
9.611701654787 1.06366800495567 21.49757 20.4999 18.99577 18.40344 18.11001
9.61437355049759 0.897181547463808 21.41659 20.9324 21.2411 21.53889 21.54108
10.1209981509438 1.19877220253824 23.02602 19.89969 25.02454 17.70483 18.4354
9.89984496567115 0.753386830037918 22.87294 21.4479 19.89276 19.25009 18.83402
9.72619194489386 1.0649273505626 21.92361 19.37059 17.98218 16.65185 15.96746
9.53070736975656 1.01759924628638 22.49652 20.75053 19.29179 17.94041 17.18843
9.61723393634298 1.05647433943048 25.68099 20.93544 19.05508 18.40435 18.12644
9.81396735401415 1.07380007726561 22.43709 21.84598 21.53329 21.67117 22.50917
9.81363185962039 0.81751274242908 23.4804 20.92481 19.21911 18.53078 18.20571
9.99895116433896 0.949177632325233 22.00812 19.631 18.49581 18.00203 17.71298
10.1084626741873 0.828869134198047 18.67461 17.67574 17.30097 17.13455 17.07454
9.84618617408552 0.707298666577388 19.5602 18.31623 17.84324 17.69104 17.58695
9.93997417390938 0.709435639024709 23.7473 22.4137 21.83199 22.05557 21.5575
10.0717745274184 0.755699273120539 21.97598 20.19334 18.47858 17.81723 17.49809
9.99582645558064 0.567665402746403 22.50576 21.14281 19.75196 18.77701 18.37259
9.86718255560129 0.911094278097612 22.34568 22.67627 20.85598 19.7764 18.83198
9.94351861278039 0.614367555012854 24.02967 21.32561 19.98271 18.88848 18.29618
10.1483527164502 0.74214967340737 22.88636 21.9266 21.77138 21.84416 22.15139
9.53858716346704 0.631670694343947 19.76591 18.65619 18.0855 17.72936 17.54497
10.1244956513185 0.867924517978044 23.72234 22.33362 20.78119 19.81986 19.4032
10.0059237262228 0.985761509564275 19.98625 19.41093 19.20429 19.12255 19.14289
10.1308684538907 0.9851240792331 22.95692 20.27597 18.62926 18.01476 17.6517
9.60561941664457 0.709076027144821 20.8931 18.27534 16.76384 15.54881 14.89643
9.65258731462762 1.09757589825656 23.4533 22.6315 21.01553 19.8696 19.32825
9.66793271677861 0.67502755929444 23.60243 19.73982 19.14498 18.02884 17.60321
9.69056643956463 0.755271234493816 24.30382 22.66067 20.67388 19.70043 19.22875
9.93734407052582 0.733248370660318 22.92661 21.38596 19.69901 19.04736 18.68291
9.88163324770744 1.21095808460768 21.85157 21.97341 20.80382 19.77091 19.3157
9.78323245317267 0.58872545030689 22.71297 20.44609 18.99676 18.25574 17.80829
9.55935532334334 0.655171926688671 21.42954 19.68737 18.92192 18.62492 18.48088
9.61868203998975 0.812559816797897 23.85267 20.65459 19.29605 18.36659 17.89475
9.80213688998595 1.08929761077681 20.12744 17.73059 16.32497 15.22384 14.62589
10.1283614926455 1.20359549089133 18.64421 17.39691 16.9446 16.6973 16.56102
9.6206405257098 0.709606990658563 21.00186 19.17212 17.83726 17.24906 16.82947
10.099616815731 0.659559702798936 23.06026 21.21526 19.3888 18.73772 18.37714
9.65648129397982 1.09375643707902 22.60601 22.00552 20.29552 19.34742 18.87125
9.96058093458151 1.09853737390942 22.89383 20.9242 19.49711 18.89541 18.552
9.95686024194856 1.15178091858576 20.16545 18.69412 17.93435 17.59423 17.33377
9.68768917658568 0.664228112313954 19.18932 17.46933 16.80879 16.5724 16.45928
9.79379251685879 0.768713298740806 21.44082 19.19208 17.88131 17.34055 17.03021
9.6626961703106 0.56592511964009 23.08133 22.06585 20.54683 19.52442 18.94734
9.90152283320361 1.00761862394281 22.75707 23.24259 21.89458 20.36575 19.85469
9.91404351936967 1.1076780543059 23.92225 23.18244 21.38177 20.19574 19.56131
9.53278819228117 0.823201549517932 23.33454 22.15833 20.53308 19.57925 19.03377
9.58233331995984 1.07004457673704 18.26194 16.22168 15.40973 15.09875 14.94776
9.73062996832846 0.992435476964613 19.03679 17.97738 17.63908 17.46074 17.4262
10.0097542773906 0.644146262773953 20.17587 17.66205 16.33135 15.76083 15.40349
9.50735305741648 1.17351866169524 19.60916 18.42937 17.98589 17.85103 17.77229
9.65118638545798 0.663017574762694 19.88881 18.99818 18.66995 18.53692 18.48138
9.7384768528504 1.16983663344408 22.3898 21.17222 19.34604 18.69619 18.24771
9.77999272957697 0.775268660532486 19.3626 18.36514 17.95737 17.81205 17.7585
9.49890567670121 0.83151599403534 19.31409 18.39483 17.78778 17.44552 17.23141
9.62812030165452 1.05296257304921 20.58356 20.34938 19.36616 18.96431 18.9191
10.077706134844 0.725711707331986 21.85462 19.2463 17.72232 16.2729 15.52162
9.61845176867246 0.776472922247628 20.25867 18.93285 18.30062 17.99152 17.80828
10.0343722622137 0.644249788265936 23.53856 20.87338 19.44519 17.96393 17.12153
